5000
1 8922
2 7430
9 183
10 2083
13 2570
14 3742
14 2717
16 7745
17 6415
19 1903
19 4850
20 9157
28 8803
30 7958
31 2266
32 4931
34 662
37 274
37 2047
38 5579
39 5937
39 5399
39 1140
41 4320
42 7247
46 5965
46 9023
48 5697
49 2265
52 3607
53 2267
54 3036
54 558
57 7910
57 2905
57 2761
62 1858
63 1667
64 8251
66 404
67 6979
67 2027
68 7892
68 2332
76 27
76 1444
78 1799
81 6838
82 2072
86 8829
91 4668
103 524
105 6875
106 3246
108 1677
109 1574
110 4910
114 6131
114 8240
114 2157
115 1317
116 7064
117 6798
119 7248
120 2212
121 5781
124 8319
125 7115
126 2162
126 9132
134 3282
136 6221
138 9180
138 5873
138 4027
141 6166
146 5295
149 1539
150 5369
154 7296
155 2847
155 4649
155 9325
157 631
158 4
160 1085
163 5931
164 579
165 3276
170 4429
172 9134
173 7275
173 829
182 3033
182 3313
183 6738
184 9712
184 1784
188 9540
190 3420
195 384
195 6517
198 1439
199 4917
203 5711
207 3847
207 5745
214 6035
214 3797
217 8536
219 273
221 4726
222 1733
223 8731
226 800
228 851
229 5336
231 6939
231 2191
232 1270
237 8895
239 1650
241 5122
241 9105
242 8594
246 5413
248 4509
252 65
254 7907
255 8247
256 5480
257 2025
259 7892
260 8652
261 5233
262 9162
262 1139
266 6261
268 7408
270 7731
270 5769
271 6349
271 9595
272 7471
273 1053
278 1165
278 8606
281 2325
282 8070
284 470
286 2693
289 9952
290 1824
290 5330
292 9212
293 3391
294 1468
298 4443
303 8225
308 4254
310 1753
314 2741
315 4627
318 2821
319 4363
319 4404
321 2603
321 8468
323 4024
323 6958
323 9494
324 3980
326 5220
334 9101
335 9607
336 3019
341 6885
341 1104
344 5808
344 1743
347 123
347 3543
350 8918
353 7051
354 8308
361 7135
362 3831
362 6503
368 8600
370 4575
372 735
373 4458
374 8414
380 9848
385 149
385 5750
387 6944
387 6977
387 5161
388 4888
388 303
390 2739
391 5554
393 228
394 2151
395 5855
401 3288
403 8429
407 3754
407 4206
410 7318
414 6448
415 1104
418 4305
422 2465
424 9216
424 5703
424 825
425 2539
427 7145
429 2983
435 7394
435 8037
436 3174
437 8711
439 6038
441 8811
441 4071
441 7136
443 4714
449 3618
449 460
450 6428
451 1432
455 6592
461 4103
461 4288
462 6128
465 262
465 6894
469 3699
471 2554
474 4992
479 1251
480 7286
485 8339
485 1025
486 4894
486 4125
488 4840
492 7522
492 5305
493 1638
494 4695
496 2078
497 9986
498 6066
498 418
500 2978
501 7605
508 1036
514 1079
516 9406
519 5686
521 2749
530 8169
530 6395
531 8723
531 2508
532 7401
532 5326
532 7227
533 8509
533 5700
535 4224
541 7795
541 6629
543 8931
546 3076
553 1307
555 5772
558 9145
558 7594
561 7862
561 7255
563 7622
563 9643
565 4195
565 4529
567 1649
568 1020
569 8703
570 1511
572 9691
574 9591
580 162
583 7445
584 8364
586 8392
587 7775
588 72
588 8756
590 2389
592 6007
601 5733
602 3797
605 4725
610 8524
620 8540
626 492
629 5759
630 6364
632 3775
634 822
636 8392
636 8747
640 4002
640 5403
640 7962
642 7574
642 5542
648 3628
648 1182
649 9993
650 9279
650 1282
655 9455
659 7147
660 1537
660 6253
661 2317
662 9677
663 7528
664 4338
664 1160
666 9125
670 9291
670 2244
671 6284
672 2259
673 332
674 1657
677 8069
678 9825
679 2389
682 1872
684 9464
684 4922
685 7256
685 6280
685 2668
685 5522
689 4719
689 2384
690 8775
690 1331
692 6776
695 8856
697 2928
698 3416
699 7581
706 6850
707 8853
712 3203
713 857
721 1200
722 9201
723 3157
724 2482
728 6412
729 154
730 4066
730 2304
732 9442
732 6722
735 688
735 3430
736 2987
738 5743
740 1737
740 7915
740 5148
741 4867
746 5165
752 1510
754 6346
756 9237
759 5464
763 2028
763 4473
765 3342
766 9339
766 4760
767 3361
767 369
768 901
771 2265
772 1619
774 4110
774 7422
775 2684
778 8906
778 4703
779 6828
780 7748
782 7348
782 7260
782 6292
783 2683
783 2493
783 1436
784 2498
790 3300
792 3670
792 9946
792 3639
793 9147
794 5497
795 3112
796 262
796 4553
797 965
800 71
802 6288
805 1966
807 1637
809 7764
810 6552
814 7908
815 4795
816 5393
819 2691
820 2554
823 121
826 9696
830 4471
830 2294
831 3935
838 1585
840 5874
841 4001
841 5280
842 8882
843 3590
845 8242
849 1464
851 4495
852 7897
853 236
857 4165
859 5864
860 4573
862 5903
863 8270
863 8884
864 4213
865 3447
865 5961
866 4305
868 8070
869 8371
871 3988
873 4138
873 1823
876 2380
878 3860
878 9036
880 3128
881 4699
882 4258
882 3991
882 2537
883 7146
886 2812
887 7292
888 2196
888 8867
889 5957
891 588
892 4961
894 6267
896 6599
897 9077
899 7183
899 1470
903 8096
909 3095
910 2306
910 3548
912 9896
913 7923
915 7802
917 6484
921 6200
926 7859
928 1894
928 6393
936 4688
940 98
941 5249
941 6000
943 9603
944 941
947 9188
950 5949
950 8375
953 8669
953 2035
954 8141
955 4017
956 2834
959 4076
962 9372
962 9548
964 142
965 8347
968 9559
968 8411
969 3263
973 639
975 8717
981 3296
982 7787
986 2014
989 553
989 8872
989 5712
992 7937
998 4401
998 4052
999 2686
1005 9678
1007 6326
1008 9624
1010 9433
1014 350
1015 6716
1020 9802
1020 3721
1026 780
1027 8032
1027 5813
1027 5389
1029 9113
1033 7106
1034 8286
1035 5669
1041 6497
1045 7278
1049 7795
1050 1528
1053 4084
1054 8698
1055 8846
1055 3751
1057 2167
1059 699
1059 9658
1065 6039
1067 844
1070 1940
1071 6358
1074 4760
1076 5627
1076 4947
1077 9694
1079 8118
1081 6116
1081 8124
1082 8917
1083 3370
1086 1937
1092 569
1095 9564
1096 6352
1096 9422
1097 6745
1097 7631
1103 6281
1103 8228
1107 6014
1108 8359
1108 4129
1118 5986
1119 7036
1121 867
1121 2347
1124 5181
1125 3270
1125 1038
1131 6099
1131 2391
1134 6457
1138 3783
1138 7070
1139 908
1139 8664
1140 1801
1141 1161
1146 7254
1146 8866
1151 8362
1152 2236
1152 7605
1154 9534
1155 5128
1159 6817
1161 9316
1162 6424
1168 8645
1169 4715
1170 9368
1171 1746
1174 3152
1174 8842
1176 2592
1178 1361
1179 3014
1179 891
1185 4415
1185 4754
1186 860
1186 865
1188 690
1192 1497
1193 6637
1195 9089
1196 1446
1196 8404
1199 7118
1203 9780
1204 8558
1207 2374
1207 5472
1207 609
1208 5212
1209 3089
1209 5453
1213 1086
1214 8239
1215 1069
1215 2940
1216 4023
1217 4180
1218 684
1221 5893
1228 6354
1229 8397
1231 9734
1231 3977
1236 3571
1242 1703
1245 3841
1248 2932
1248 6578
1251 8236
1252 5045
1259 1236
1259 2043
1260 8825
1261 9505
1264 8121
1265 6177
1267 6750
1267 7155
1268 1875
1269 730
1272 3720
1273 981
1275 8161
1277 8590
1278 7282
1278 6417
1278 7358
1282 2895
1282 3102
1283 8169
1286 2008
1289 4804
1296 3285
1297 5850
1298 7771
1299 9979
1300 4108
1304 2628
1306 7254
1308 4151
1311 6692
1312 5509
1314 489
1321 8918
1330 2077
1330 5339
1331 9544
1331 3314
1334 2346
1334 6989
1338 849
1339 9118
1340 4843
1340 1339
1342 9084
1345 9363
1345 8530
1346 9636
1346 140
1348 1849
1348 9227
1350 9213
1352 708
1353 9171
1353 374
1354 212
1357 2903
1357 8205
1361 426
1361 5781
1363 3084
1366 8708
1368 3241
1369 7386
1374 166
1374 132
1377 2951
1378 5144
1379 3162
1380 4556
1381 6100
1382 7633
1384 5399
1384 6287
1386 8407
1386 6756
1389 2619
1397 8557
1398 2604
1398 3542
1399 2327
1402 4744
1405 3322
1405 231
1406 2268
1408 8400
1408 4779
1410 3164
1411 8076
1411 8637
1416 1886
1417 6109
1418 1232
1420 5452
1421 1164
1421 8331
1422 2719
1424 9365
1424 4024
1426 1616
1426 8840
1428 5430
1430 825
1432 6913
1435 8282
1435 8932
1436 2447
1438 4813
1439 9654
1439 1017
1440 3896
1440 5339
1441 1075
1446 7165
1448 5678
1448 3695
1450 7824
1453 6876
1453 2632
1454 3344
1456 5425
1456 2737
1458 9549
1458 1863
1459 3616
1459 7229
1460 4010
1463 2645
1464 1579
1469 7834
1473 9582
1474 5646
1478 7353
1478 6692
1478 5053
1482 974
1487 6202
1492 3470
1494 4795
1499 7927
1500 145
1504 8169
1511 3143
1512 6563
1514 5589
1517 4737
1520 3574
1520 9196
1522 5188
1531 335
1531 8193
1532 2256
1533 1889
1536 8925
1536 8044
1538 1930
1542 650
1546 384
1548 1666
1549 3494
1549 3972
1549 5164
1551 3384
1552 464
1553 7298
1554 4941
1556 7531
1559 2798
1559 8846
1567 2349
1568 3763
1569 6636
1569 3736
1572 9416
1572 4409
1576 1285
1577 5727
1577 8225
1580 7474
1582 6175
1582 3721
1584 7493
1589 7583
1591 1499
1595 2594
1596 8046
1597 9381
1599 4836
1600 3231
1602 700
1606 8749
1606 6148
1607 2437
1609 3993
1610 4170
1612 8520
1623 5132
1628 6116
1628 5310
1628 9398
1631 329
1632 9928
1635 3534
1635 4035
1639 6580
1641 8707
1643 3944
1648 8602
1649 9451
1651 6639
1651 1709
1651 4010
1656 5091
1657 2173
1657 6393
1658 6084
1659 1025
1659 61
1660 8108
1660 5412
1661 7728
1663 2910
1665 956
1673 7506
1674 668
1674 1000
1676 9350
1678 9890
1679 8497
1680 7068
1681 3000
1683 6301
1684 965
1690 4005
1693 2970
1697 2964
1703 3539
1704 8961
1704 6371
1710 8284
1711 6315
1712 8487
1713 1495
1715 8826
1717 4136
1717 6770
1719 605
1720 2571
1721 4846
1724 4096
1724 310
1727 5908
1732 258
1733 4444
1733 8776
1736 2346
1737 5280
1739 1647
1745 8110
1745 4017
1748 8894
1749 4631
1749 81
1753 407
1754 8115
1758 2259
1761 9366
1761 1573
1767 8338
1772 5406
1778 480
1786 6480
1787 2372
1789 2870
1790 3786
1796 8751
1797 3712
1798 5355
1799 8931
1800 8708
1802 302
1805 8638
1808 9653
1811 8273
1812 7476
1812 649
1815 4762
1815 8414
1815 4451
1816 318
1817 1953
1818 4260
1820 1338
1820 4530
1828 7905
1829 1943
1836 9687
1836 7224
1838 8807
1841 2182
1844 836
1845 3830
1853 5610
1854 9188
1855 3243
1856 665
1857 5979
1864 7593
1864 6384
1865 6835
1866 4837
1866 9128
1866 9220
1872 8083
1872 1074
1874 904
1875 4277
1877 9605
1885 3377
1887 2149
1888 6904
1892 9878
1894 5863
1894 5979
1897 6129
1899 2365
1902 2184
1902 5668
1904 6130
1905 8615
1906 7929
1908 1226
1908 3504
1909 6104
1909 3150
1910 2175
1910 4539
1911 3769
1913 2231
1915 3576
1915 9562
1923 3580
1924 5423
1925 6079
1927 1757
1931 8443
1933 3109
1934 5618
1935 9517
1936 9932
1940 4733
1942 3783
1945 8225
1946 3887
1947 3532
1950 1402
1952 8935
1954 7627
1955 563
1957 5670
1961 2526
1964 8685
1964 8926
1967 1893
1968 3812
1970 1886
1972 3637
1973 9070
1978 5875
1980 1456
1987 7301
1990 40
1990 3776
1990 9719
1992 4136
1996 8014
1996 7533
1997 4733
1997 2756
2001 1155
2004 1299
2005 807
2005 7393
2005 3045
2013 6503
2014 6213
2020 5679
2027 9231
2030 6114
2035 1561
2035 6854
2036 6204
2039 2289
2040 3011
2043 4215
2047 6983
2048 8670
2052 6000
2053 2713
2053 5428
2055 7630
2055 841
2058 184
2059 3082
2060 9736
2061 231
2071 8059
2072 6359
2075 5303
2077 4328
2080 8860
2083 3064
2085 806
2086 6745
2086 7741
2088 3561
2090 3908
2091 2241
2093 1024
2093 4053
2095 1355
2097 7368
2099 6196
2101 8528
2102 569
2108 310
2109 4283
2109 4270
2111 728
2114 6938
2116 8718
2117 2940
2119 3514
2121 4506
2126 9701
2130 8431
2131 3333
2131 8644
2137 369
2137 9466
2141 3606
2146 3714
2147 6555
2148 815
2148 4732
2148 5139
2150 7528
2154 6185
2161 7418
2165 2455
2167 2996
2168 5205
2168 142
2169 3575
2169 4499
2172 5896
2178 661
2179 110
2180 9516
2182 6439
2185 3860
2187 1137
2189 2158
2192 8176
2193 4562
2198 3743
2202 4136
2206 4176
2207 4388
2208 9749
2217 6534
2223 7819
2226 6249
2228 8469
2231 5875
2234 6980
2235 7059
2238 4588
2240 119
2243 714
2243 1463
2246 4614
2249 7386
2249 8161
2250 7195
2250 3503
2254 2935
2258 8021
2260 5370
2260 6283
2262 2111
2263 3035
2266 6000
2268 6396
2272 4338
2274 3343
2279 2442
2281 1267
2282 7764
2283 5701
2284 5748
2288 9853
2290 3566
2293 4799
2296 4642
2297 5115
2300 7529
2304 7020
2306 2288
2308 7777
2308 8643
2311 1511
2311 5425
2316 5135
2317 4516
2319 7789
2320 4522
2322 202
2323 9441
2324 7096
2327 4507
2332 6511
2335 772
2336 4018
2339 9698
2343 5056
2343 8164
2343 3060
2348 1206
2349 1749
2349 3506
2352 9569
2355 132
2356 7001
2357 3350
2358 1828
2360 8447
2360 6783
2367 3702
2367 5117
2368 695
2368 6325
2368 4608
2372 9212
2372 16
2376 4309
2376 5058
2378 9201
2378 8596
2378 1621
2379 9089
2379 504
2380 6750
2380 2184
2381 5262
2381 3891
2385 7696
2386 8736
2387 1084
2389 4156
2390 8011
2390 6665
2390 3580
2392 9766
2395 5145
2396 5755
2397 7946
2398 2482
2398 1114
2400 200
2401 6664
2401 2453
2402 4732
2404 6978
2406 1582
2409 4990
2410 2585
2411 308
2423 6924
2424 465
2424 543
2425 8922
2427 513
2427 7344
2428 979
2429 4346
2431 8491
2432 9007
2433 2429
2436 8
2438 4846
2438 1345
2439 3255
2441 3968
2441 8991
2442 2090
2443 7925
2444 8095
2449 8634
2449 667
2451 4616
2458 2941
2466 5878
2467 1420
2467 3844
2474 5711
2475 7299
2478 3776
2478 2879
2479 9712
2479 4256
2479 3117
2479 9038
2481 6563
2483 4210
2485 3810
2487 7631
2488 2796
2488 6204
2490 4435
2490 7855
2493 2956
2498 3384
2500 4276
2500 91
2501 8697
2504 2107
2507 842
2509 8055
2512 1153
2512 5228
2512 7277
2514 4014
2516 9207
2519 5054
2519 5425
2521 6594
2523 364
2527 168
2529 6808
2530 7551
2530 3395
2531 5922
2532 2666
2533 9343
2537 9288
2541 20
2543 5461
2545 6260
2545 1442
2546 6299
2547 8531
2551 6257
2553 1
2554 3287
2556 6941
2559 9623
2559 6355
2561 4715
2562 3550
2564 7884
2566 8838
2567 8350
2568 2186
2571 5
2574 9752
2578 2105
2579 2452
2581 2360
2583 5453
2587 6437
2591 8095
2594 9842
2598 4706
2602 10000
2605 341
2609 4019
2609 2536
2609 4928
2610 930
2610 5397
2611 3213
2612 6843
2614 4752
2615 7901
2615 7209
2618 3104
2618 5678
2619 462
2620 2300
2624 9862
2633 3996
2636 6451
2638 434
2639 9447
2640 5017
2640 1394
2641 2808
2643 5715
2649 6197
2653 2063
2653 568
2653 2756
2654 9398
2658 2441
2659 6112
2661 56
2665 7169
2668 4927
2671 4538
2673 4402
2679 6026
2679 114
2686 2539
2687 4371
2688 8451
2688 3687
2690 895
2692 3181
2693 7325
2694 1470
2694 4481
2697 5061
2700 6491
2706 6466
2708 7862
2711 1520
2714 1200
2717 75
2718 1794
2718 5393
2720 9485
2722 7904
2726 1104
2729 4844
2729 4747
2730 9330
2734 6776
2734 4934
2738 8967
2739 7455
2742 7178
2743 3775
2746 9123
2749 6516
2756 5710
2760 584
2761 3193
2765 7098
2765 6984
2768 209
2772 6227
2773 6628
2774 921
2775 3440
2776 5003
2776 7483
2777 4893
2777 6109
2780 1374
2782 8320
2784 6849
2786 219
2787 7209
2789 8657
2791 1780
2791 1536
2792 1193
2794 6185
2795 6969
2797 2768
2798 8725
2801 969
2805 7665
2806 1456
2812 2319
2813 1236
2816 5678
2816 4357
2818 68
2820 7595
2823 7204
2823 8131
2823 2138
2824 7264
2826 1019
2826 8330
2833 85
2833 1532
2835 9344
2835 8752
2842 8582
2843 2851
2844 8792
2849 8316
2850 6713
2851 9364
2852 772
2854 6384
2855 8010
2857 6372
2859 3187
2861 1518
2861 3890
2866 3991
2871 2893
2874 9296
2877 3376
2882 422
2884 7623
2885 6583
2886 7832
2887 1198
2889 6353
2889 6584
2892 1470
2895 8632
2898 8863
2903 9968
2905 2520
2907 4421
2909 3253
2913 6445
2914 9524
2914 8661
2916 1811
2916 2058
2918 7423
2919 3884
2921 8942
2924 9968
2926 501
2927 1886
2928 1207
2936 7523
2936 9508
2938 283
2939 9144
2941 1687
2945 9352
2947 224
2947 9977
2947 7003
2947 4416
2955 6430
2957 9406
2957 7660
2958 1225
2958 6360
2961 8270
2962 1805
2963 7485
2965 345
2968 6399
2968 5250
2969 6768
2970 4815
2971 3300
2974 8599
2979 4794
2979 1485
2979 4422
2980 3838
2980 9392
2981 9923
2982 3226
2983 8528
2985 1303
2987 1458
2994 1851
2996 4912
2997 3031
3002 3709
3004 5399
3005 9480
3006 7885
3008 6840
3009 9836
3011 6493
3015 7928
3015 6062
3017 7735
3024 9323
3025 902
3025 3158
3026 4844
3032 4151
3032 2417
3034 6904
3034 6852
3042 8445
3049 6518
3050 9839
3050 3882
3053 8397
3054 2716
3055 339
3057 3439
3057 3530
3059 3745
3067 970
3067 2990
3072 5282
3074 7907
3074 1896
3076 9693
3079 6213
3079 1442
3083 7820
3083 2077
3083 4351
3084 1372
3086 3620
3087 975
3088 3653
3088 4658
3088 7453
3089 3583
3090 3264
3090 7554
3096 7926
3098 3268
3102 8386
3105 9436
3106 2756
3106 1581
3111 2111
3111 8088
3112 5576
3115 6586
3118 2063
3119 4059
3121 6311
3123 2756
3124 1284
3133 8912
3137 6381
3138 6007
3139 1053
3140 7769
3141 9191
3146 6168
3146 5020
3146 4897
3149 7193
3150 5505
3153 6010
3156 4935
3158 5752
3159 5368
3159 1166
3162 724
3163 9315
3169 4650
3169 752
3174 5303
3174 8161
3177 8606
3178 7379
3178 6043
3179 5675
3179 8382
3181 7168
3181 1875
3183 7683
3183 7876
3183 7922
3184 9063
3190 1299
3194 6214
3195 6056
3195 5394
3196 6022
3197 4219
3197 7832
3198 7367
3201 2152
3204 4967
3207 615
3209 4486
3209 4372
3214 8536
3214 5731
3215 626
3215 2120
3216 7084
3216 5452
3217 8251
3222 7354
3226 1239
3231 3127
3231 7303
3235 1089
3235 141
3235 2933
3236 5672
3236 8407
3245 7541
3246 9705
3247 3195
3249 8528
3250 1085
3256 9829
3257 882
3259 6043
3259 7182
3262 6210
3263 2180
3264 9757
3267 7438
3268 5460
3270 66
3270 8300
3271 5855
3273 3895
3274 1172
3280 5170
3286 7956
3288 5241
3288 2872
3291 6435
3292 315
3300 583
3300 4601
3303 388
3304 9931
3304 7445
3305 2341
3308 3995
3309 8811
3309 9164
3309 210
3309 828
3311 6723
3312 1452
3312 175
3313 2419
3314 751
3315 3614
3316 8339
3317 59
3318 9773
3320 8886
3324 3913
3325 8738
3329 4450
3330 2079
3331 1160
3332 2301
3335 3906
3335 3669
3337 9880
3337 9364
3339 639
3340 154
3342 3877
3344 5770
3349 1314
3353 5210
3355 5598
3355 9010
3358 2638
3359 1701
3359 2038
3359 9245
3363 2549
3363 828
3366 903
3366 8224
3370 1092
3372 2597
3373 9045
3373 1128
3374 1074
3374 6152
3378 7864
3378 821
3384 2781
3384 5122
3386 1194
3387 5002
3388 5402
3389 6293
3389 1586
3392 925
3395 4827
3396 1299
3397 6835
3397 8555
3399 4755
3402 4093
3405 4689
3405 3659
3406 4276
3409 8173
3409 9202
3410 3210
3413 1668
3414 7165
3422 7148
3425 8913
3427 9542
3429 1828
3432 3069
3434 9775
3438 1101
3440 8830
3440 7821
3441 668
3445 3731
3448 1662
3449 4995
3450 1992
3450 3483
3451 5726
3453 4185
3453 2629
3456 2682
3456 9217
3460 7691
3461 5693
3462 5055
3464 7743
3466 3451
3466 8752
3473 3491
3474 2940
3475 9432
3478 2126
3482 271
3486 9103
3486 4613
3489 1294
3490 1734
3491 6948
3497 9981
3497 5423
3499 6158
3502 5883
3503 843
3504 6224
3504 2052
3508 3956
3514 756
3520 3911
3520 4136
3522 4276
3527 8130
3535 9281
3535 9374
3541 9849
3543 9127
3548 766
3548 5790
3549 7150
3549 9318
3552 3110
3553 1994
3554 340
3554 3324
3558 7529
3570 3884
3573 1511
3577 350
3577 300
3580 3292
3581 748
3582 5536
3584 3313
3586 3974
3587 4979
3588 2885
3590 6582
3590 9365
3591 9845
3594 3324
3594 4116
3594 6149
3594 78
3599 2320
3599 6550
3601 6171
3601 6265
3601 2846
3602 6825
3606 9808
3608 7905
3611 4105
3611 2230
3612 2923
3615 8718
3616 4197
3616 7913
3617 367
3618 7074
3618 6465
3621 593
3624 8096
3626 9021
3627 1865
3627 4738
3631 8496
3634 2326
3635 4455
3635 388
3638 4103
3640 7117
3640 1401
3647 442
3647 7428
3647 4181
3649 3689
3651 4045
3659 8576
3659 7663
3660 3310
3663 4626
3664 6668
3667 8493
3667 8481
3670 7692
3672 5644
3673 2821
3675 3856
3677 2673
3678 6986
3680 195
3680 1218
3682 788
3685 9104
3687 7890
3690 5909
3691 4038
3692 3580
3697 4464
3698 8064
3699 945
3700 4547
3700 7195
3701 5845
3702 1494
3703 3486
3706 5930
3709 2827
3709 4235
3709 9493
3711 784
3713 3749
3714 2530
3718 9171
3721 9591
3723 6206
3724 3841
3724 3557
3725 6386
3731 1379
3732 1635
3732 6868
3736 2583
3741 8712
3742 5421
3744 250
3748 1016
3753 4563
3753 2698
3754 526
3754 5919
3756 9072
3762 8111
3762 5708
3765 9240
3766 8033
3770 2901
3770 4317
3772 5333
3773 7417
3774 6913
3776 4598
3778 5438
3779 4075
3781 6526
3785 7812
3785 925
3785 7345
3787 1054
3790 5492
3793 1714
3795 8860
3795 2225
3796 226
3798 4866
3798 7822
3802 3704
3807 5427
3807 2521
3812 8311
3814 893
3817 965
3817 3052
3820 1772
3821 9326
3822 5054
3822 4690
3825 589
3826 6517
3829 1266
3832 7339
3834 8882
3836 4708
3838 2408
3839 1376
3839 8751
3840 3250
3841 5459
3843 219
3847 3976
3849 5515
3852 7063
3853 4014
3854 887
3854 211
3855 7379
3858 6698
3859 6668
3863 1253
3866 3581
3867 7510
3868 998
3870 6386
3871 3175
3871 8316
3875 6490
3878 4676
3878 855
3880 2756
3882 12
3888 3863
3889 3343
3891 8563
3894 8650
3898 2336
3901 7258
3902 8149
3903 7699
3904 8677
3904 8744
3905 2181
3905 5458
3908 7364
3908 7909
3911 9227
3917 6626
3920 9207
3922 5117
3922 7956
3923 8502
3925 3052
3926 7052
3926 3456
3927 7405
3932 6871
3933 4090
3933 504
3934 4760
3937 3769
3937 9145
3938 1307
3938 446
3941 9904
3941 3162
3945 8923
3949 7326
3954 1253
3957 442
3961 302
3964 5003
3966 7934
3968 6419
3973 9280
3974 1716
3977 4153
3981 7356
3981 1791
3983 1207
3985 9708
3987 2183
3988 3666
3989 3971
3990 7982
3994 9763
3995 5845
3999 5793
4000 6558
4003 23
4011 4338
4012 8045
4015 8932
4016 2052
4016 7222
4017 6460
4024 598
4024 2436
4024 4528
4025 8460
4025 3447
4026 9829
4036 7311
4037 1281
4039 4548
4040 9780
4040 3218
4041 995
4043 7151
4045 9882
4050 8855
4050 8300
4052 3680
4052 2367
4052 7831
4056 2699
4056 8412
4060 3399
4061 1418
4067 7352
4068 9532
4068 1902
4072 1321
4072 5469
4072 3101
4074 7103
4075 1387
4084 7014
4084 1416
4085 6525
4085 707
4085 922
4087 4289
4090 1143
4095 5634
4096 4311
4100 1516
4101 4554
4102 1822
4104 9332
4104 1584
4108 8912
4109 2533
4111 5544
4111 5107
4112 4162
4115 42
4115 5384
4118 8246
4130 1803
4133 482
4136 1262
4138 2458
4139 119
4141 3231
4142 9348
4146 7621
4146 3882
4148 5929
4150 7772
4150 6357
4150 6588
4150 8546
4151 4832
4152 6670
4152 9178
4153 7986
4154 1438
4155 1456
4160 9119
4160 6876
4160 8117
4161 6321
4161 5471
4163 7289
4164 4473
4165 8934
4165 940
4167 5462
4170 7925
4171 7631
4171 5832
4172 8450
4172 3556
4172 4814
4174 2536
4176 9273
4178 3167
4179 6805
4179 9654
4181 1541
4182 7942
4183 4962
4184 4224
4185 4827
4186 9782
4187 7777
4189 2323
4192 8878
4193 6540
4197 8150
4197 3562
4197 118
4200 4256
4203 1589
4205 1776
4206 7146
4207 1574
4208 3044
4208 7149
4209 8910
4209 8681
4209 5482
4210 9740
4213 2615
4217 9240
4220 4773
4220 3591
4220 5552
4222 6932
4223 9151
4227 4436
4229 796
4234 4226
4235 4202
4236 7392
4238 321
4241 7324
4242 9375
4245 7524
4248 8263
4249 4499
4249 4598
4260 7832
4262 4230
4262 2887
4262 4338
4264 1352
4267 4298
4271 8919
4272 2737
4272 9982
4272 1428
4276 4081
4277 9538
4289 4859
4291 6469
4293 9042
4294 9169
4296 9276
4298 7449
4300 3106
4303 9312
4303 2609
4305 1152
4314 4486
4317 4799
4318 5180
4320 2556
4322 1735
4324 820
4324 8075
4325 7076
4326 2753
4326 1160
4329 6423
4329 1372
4331 3982
4331 3407
4332 8664
4333 934
4334 3585
4334 9749
4337 8017
4346 4404
4347 1553
4348 9801
4348 428
4348 840
4349 7705
4353 3115
4356 309
4358 8295
4362 7563
4364 2085
4366 6543
4367 5657
4374 967
4375 2324
4377 5586
4379 4797
4386 4469
4390 1533
4398 607
4398 161
4398 6610
4402 9681
4404 714
4404 850
4408 1672
4408 2701
4410 6904
4411 9614
4411 2662
4412 1218
4415 7606
4416 5606
4419 7688
4420 8298
4423 400
4423 9746
4428 7114
4430 2721
4431 7047
4432 3861
4433 4935
4438 2164
4440 4585
4442 4375
4443 4789
4445 7716
4447 6545
4450 1284
4454 417
4461 5033
4462 2339
4463 1893
4463 5231
4465 9041
4465 9237
4470 1860
4471 8401
4475 9858
4478 8140
4478 7268
4479 3591
4480 6076
4481 3377
4481 8242
4482 4992
4483 411
4483 4662
4488 5092
4489 3142
4490 2184
4490 3109
4494 609
4497 9665
4498 4472
4498 639
4499 6030
4500 7152
4503 1952
4504 1459
4505 2570
4505 7183
4510 2718
4510 3475
4511 7813
4514 4573
4515 8731
4515 5155
4521 7858
4522 9406
4523 8373
4525 4021
4526 405
4527 9120
4527 5403
4529 7901
4533 8198
4534 7026
4536 4185
4537 8073
4538 6270
4539 9997
4539 9308
4539 1048
4540 5408
4545 9008
4551 8982
4554 507
4564 7623
4567 3990
4569 1170
4570 6183
4572 5536
4573 8613
4579 7917
4581 7215
4588 2979
4588 7107
4593 9024
4594 4734
4595 1436
4596 5974
4600 6387
4601 2578
4601 7336
4603 3008
4604 6487
4604 5232
4607 5028
4609 3991
4610 3675
4611 141
4614 9182
4616 2172
4619 5636
4621 6769
4623 3723
4628 970
4628 8867
4628 3406
4630 653
4630 2984
4632 3444
4637 9135
4639 5606
4642 770
4644 693
4644 263
4645 2571
4648 166
4650 1707
4652 1414
4655 3529
4656 8669
4657 4641
4657 8660
4660 273
4660 394
4660 7232
4662 1280
4663 8079
4667 2760
4670 7991
4670 7948
4670 3685
4671 5707
4671 6976
4671 9641
4673 3255
4673 5798
4674 5415
4675 8907
4676 847
4681 9972
4683 6024
4685 8877
4685 3099
4687 7732
4690 3485
4692 7720
4692 2341
4695 3143
4697 7121
4700 4242
4702 4498
4704 8065
4705 2532
4705 5082
4706 7159
4711 6229
4713 5484
4714 6220
4715 1102
4727 4452
4728 8567
4731 1685
4738 9682
4739 4960
4741 8424
4743 6815
4744 3170
4744 949
4752 6600
4756 4111
4763 656
4765 4822
4767 2065
4771 3454
4771 170
4772 10
4776 9837
4777 3833
4779 3423
4781 1301
4783 1860
4786 4433
4787 5765
4787 8608
4788 7292
4792 2410
4794 6917
4795 675
4798 6577
4802 6695
4805 5792
4811 626
4811 3446
4815 3972
4820 9965
4824 2572
4826 9564
4827 6261
4829 2658
4829 4133
4833 2303
4835 2772
4839 4086
4839 5287
4840 7349
4840 8240
4841 2851
4845 7917
4849 1274
4849 5425
4849 4657
4849 5747
4859 2603
4866 3056
4866 8356
4868 8491
4869 6293
4869 200
4870 1303
4877 2698
4877 2802
4877 1802
4880 3254
4880 7575
4881 4628
4883 8387
4884 2423
4890 9129
4891 3824
4891 1962
4892 3971
4892 2377
4893 1658
4901 1347
4902 2762
4906 8245
4908 4499
4910 175
4911 7567
4913 4318
4916 9467
4917 6872
4917 1274
4917 7363
4919 3949
4921 4158
4922 2350
4924 2126
4927 5970
4928 395
4929 3282
4935 6092
4937 7671
4939 6765
4942 4849
4943 5017
4945 2871
4948 4497
4951 316
4952 9740
4955 2340
4955 300
4958 302
4960 8709
4963 508
4964 1543
4966 5478
4968 8344
4969 2245
4970 9713
4970 5910
4971 9853
4973 1701
4977 1824
4979 1021
4980 2113
4985 9891
4986 9006
4987 3719
4991 5237
4993 6991
4996 3957
4997 1740
5000 5381
5000 484
5000 6769
5000 4556
5002 5073
5002 1646
5006 7787
5009 7477
5009 3226
5009 2661
5017 4417
5021 6941
5026 2428
5030 7028
5036 9625
5037 1754
5040 8584
5043 7346
5045 6786
5046 9796
5046 4242
5047 9069
5048 5210
5052 7401
5052 2822
5053 867
5061 4435
5061 3192
5062 1891
5064 4858
5065 8414
5065 6521
5067 8526
5068 4458
5069 560
5070 4609
5073 7712
5073 6512
5075 1503
5078 682
5080 1006
5081 7026
5081 2926
5082 594
5089 1186
5090 7701
5091 7771
5091 7041
5092 1267
5099 9475
5101 6643
5107 460
5108 7453
5109 3123
5112 8838
5113 3724
5113 5607
5117 6640
5118 3136
5118 3736
5125 5927
5125 6142
5130 82
5133 7032
5133 8999
5136 8286
5136 3898
5142 9348
5142 668
5147 4614
5148 2958
5149 8393
5150 148
5151 6015
5152 4204
5154 4692
5159 3768
5159 8679
5160 7382
5160 7241
5163 7659
5163 4452
5168 6372
5168 3983
5172 3094
5172 4553
5172 7434
5175 1446
5179 8771
5180 2617
5181 748
5181 6910
5184 8724
5185 856
5187 3537
5188 6508
5188 8630
5189 7142
5194 477
5197 8803
5199 6567
5202 3307
5203 729
5207 9375
5212 3364
5213 7914
5213 4010
5216 6567
5219 4125
5225 4107
5229 7161
5229 2058
5231 97
5232 6254
5236 4714
5237 3066
5237 699
5238 9253
5241 7226
5243 3439
5244 3549
5245 7875
5248 2849
5249 6609
5250 3875
5254 1605
5255 3977
5256 7445
5257 9962
5258 9353
5264 9417
5264 622
5265 864
5267 2531
5273 1978
5280 1114
5285 4837
5286 2597
5287 4786
5295 6674
5299 9591
5300 2168
5308 8605
5309 3462
5309 7264
5312 5606
5313 460
5314 1256
5315 9112
5316 5039
5319 5736
5319 8940
5319 2093
5321 5845
5322 239
5324 6939
5325 895
5326 1687
5326 947
5326 1222
5326 8618
5328 4116
5335 369
5335 9431
5337 2894
5338 3118
5341 8007
5342 6281
5344 9729
5345 7199
5345 5562
5345 1548
5346 6967
5348 5609
5348 8583
5357 4130
5357 381
5367 3501
5371 7499
5379 1467
5379 4111
5381 8835
5382 5210
5382 6165
5383 6766
5386 1073
5389 584
5392 2919
5396 1526
5398 9029
5399 4100
5402 1583
5405 8872
5405 7195
5405 2223
5409 8586
5411 3556
5412 1699
5413 4907
5416 7058
5418 4230
5421 1800
5422 9845
5426 723
5429 4432
5436 5538
5438 1065
5439 2398
5442 846
5445 9293
5446 7226
5447 7287
5457 5103
5462 2159
5463 4041
5467 5361
5467 662
5468 9204
5476 1019
5477 7445
5479 9514
5479 4258
5480 1167
5486 6742
5490 3568
5491 6383
5496 8287
5497 6436
5502 7117
5502 3616
5509 497
5511 5192
5514 1223
5516 2315
5516 667
5517 4092
5520 1301
5522 9579
5523 6748
5523 9682
5525 3248
5528 1567
5529 1381
5530 652
5530 5186
5531 6744
5533 7465
5542 8106
5542 8488
5542 223
5545 9422
5548 195
5550 8075
5557 6204
5559 8520
5565 2620
5566 1788
5577 8319
5579 8789
5583 4639
5583 324
5586 5433
5587 2742
5590 4382
5591 2968
5591 503
5592 8880
5592 2336
5597 5420
5598 9861
5601 8078
5603 7090
5603 4016
5603 613
5611 3298
5613 9081
5616 7350
5618 4653
5622 3380
5624 1505
5625 4689
5627 1415
5628 5139
5629 9494
5630 4930
5631 1568
5637 6215
5638 3026
5639 3863
5640 6066
5641 8746
5644 7046
5644 9262
5644 1543
5646 3476
5647 8116
5650 3549
5653 1997
5654 6328
5655 8848
5657 1176
5659 8648
5661 8520
5662 8770
5665 1868
5665 9417
5667 2896
5669 8721
5671 3816
5674 6614
5676 5125
5681 15
5684 1520
5684 4405
5686 1291
5687 3935
5688 5773
5689 9481
5693 9223
5699 1285
5700 4868
5701 7674
5702 363
5704 735
5705 2815
5705 6776
5706 446
5706 1942
5709 1076
5709 180
5710 1413
5711 784
5711 5085
5712 8250
5712 2236
5714 747
5715 783
5716 6738
5717 4241
5718 7247
5719 2947
5719 6050
5719 4882
5721 4312
5721 8160
5722 8178
5725 4220
5728 4622
5731 7430
5734 3124
5741 1355
5742 644
5744 4462
5744 4945
5745 7696
5745 3976
5745 6521
5747 9728
5748 7049
5751 5343
5755 5662
5755 5273
5756 4291
5765 3001
5765 2386
5767 112
5767 4107
5771 4513
5772 1090
5773 2987
5776 8731
5778 779
5782 1251
5782 4928
5784 907
5789 9086
5789 7600
5792 6875
5795 6988
5798 9547
5805 9953
5810 6342
5816 8052
5817 9451
5820 6687
5821 6170
5823 489
5823 1133
5825 1057
5826 1489
5828 6341
5830 7534
5832 1381
5834 7486
5835 9320
5837 2693
5838 5065
5839 8674
5840 2023
5841 2740
5844 6751
5851 4015
5854 1575
5857 4390
5857 9827
5860 7117
5863 5867
5863 6906
5863 7007
5867 7451
5868 8921
5869 7974
5870 45
5871 8051
5871 4578
5871 7739
5875 9898
5876 5251
5885 4507
5889 2572
5891 5828
5893 6208
5895 5251
5898 2741
5899 3453
5903 3314
5904 4948
5906 6377
5907 7158
5908 3317
5908 3446
5913 4655
5913 2801
5918 488
5920 4774
5924 7512
5926 6595
5927 1913
5927 9061
5928 566
5929 8601
5932 5831
5933 7187
5933 7193
5934 6103
5935 8484
5935 7876
5939 5556
5942 9518
5942 3022
5944 9691
5945 5520
5947 4912
5948 3680
5953 4503
5954 1354
5954 2033
5955 7509
5960 2091
5962 5607
5964 7341
5967 1888
5971 8043
5976 4363
5979 6946
5982 3269
5983 9415
5985 7530
5985 4783
5987 6159
5988 6812
5991 4385
5993 4657
5995 1449
5995 4206
5999 6162
6002 2840
6002 909
6002 9564
6005 1207
6005 6000
6006 6620
6008 7506
6010 9453
6016 3320
6017 6812
6017 6841
6020 195
6020 5682
6021 649
6021 5189
6025 6473
6026 7317
6026 7898
6026 7316
6027 4943
6032 87
6035 4518
6037 235
6038 4991
6041 8208
6042 6970
6048 5463
6048 7581
6052 216
6054 7067
6054 2908
6055 6744
6056 4279
6057 3510
6061 9528
6063 178
6064 5441
6069 9853
6070 8472
6072 4585
6073 4207
6075 9262
6076 9028
6076 3866
6078 1540
6079 8798
6087 2279
6090 878
6091 5525
6093 5049
6094 1133
6096 3067
6097 6402
6104 3408
6105 4234
6110 9843
6113 3534
6114 2840
6116 8713
6119 6054
6120 8808
6124 3677
6124 3737
6129 9330
6130 2279
6130 1113
6130 2042
6130 5210
6132 880
6135 5888
6139 3147
6143 8955
6146 1207
6147 4788
6150 6529
6151 9034
6155 8750
6156 9008
6158 4111
6162 7529
6163 1758
6165 7804
6170 2995
6174 8974
6174 8610
6176 7427
6178 6383
6180 8047
6181 3171
6183 1381
6188 774
6189 3112
6190 5696
6191 3023
6196 353
6200 6799
6200 1479
6202 6414
6205 9729
6208 1377
6210 4300
6218 2559
6227 8647
6227 4572
6230 7920
6232 3495
6235 2298
6239 9581
6239 8621
6240 9549
6241 9701
6245 7335
6246 6990
6250 4790
6251 5161
6251 3555
6255 9608
6256 8716
6257 4306
6260 2116
6260 6087
6261 1132
6265 1483
6265 3290
6266 5154
6270 8565
6270 1396
6272 8713
6272 429
6272 9740
6282 7158
6283 6932
6283 6609
6285 965
6289 8300
6290 7741
6291 2839
6292 1925
6293 7897
6295 7543
6297 5341
6298 2914
6298 6065
6298 1784
6298 698
6300 2565
6302 9915
6303 1970
6304 9412
6306 75
6307 9066
6308 3483
6309 7004
6309 3404
6311 6639
6312 3813
6314 4691
6319 2171
6319 6665
6320 2664
6321 8298
6326 9083
6331 5252
6335 2830
6341 9226
6342 7634
6342 705
6347 3501
6349 1470
6350 751
6352 5041
6354 9997
6360 1303
6363 2929
6363 9354
6366 8170
6367 2841
6369 5718
6370 4962
6371 2181
6372 2472
6373 7431
6380 2446
6386 8190
6388 676
6389 1050
6395 7416
6396 6770
6396 9103
6397 1682
6400 1945
6403 4197
6404 648
6404 9723
6404 5703
6405 4222
6410 6538
6414 5961
6415 2719
6416 79
6421 5300
6425 1854
6428 3293
6436 6575
6440 4162
6444 9416
6446 8594
6449 9776
6449 3720
6452 8660
6453 7879
6455 8832
6457 8192
6464 8306
6466 5411
6468 6676
6469 904
6471 6431
6471 367
6472 156
6474 9034
6476 9821
6483 9516
6485 8589
6485 5831
6485 933
6486 2107
6487 4359
6490 4178
6491 9327
6491 5553
6495 9862
6495 8072
6495 5001
6497 3319
6498 4961
6502 2923
6502 2743
6503 8157
6503 8962
6504 8771
6505 4200
6507 1158
6507 9277
6507 8535
6508 8486
6513 4308
6516 9590
6518 5260
6520 8091
6521 9676
6523 8762
6523 586
6523 4011
6525 9036
6526 2878
6527 2685
6530 1148
6532 9953
6533 7479
6536 161
6537 3598
6537 5840
6539 2210
6540 182
6541 9546
6545 3297
6550 7358
6553 7777
6554 8255
6559 1275
6564 3839
6565 2311
6566 5420
6570 9218
6571 3860
6573 8137
6573 9980
6577 3913
6578 5088
6578 7052
6580 902
6585 55
6585 6546
6585 3869
6589 5566
6592 7584
6596 6145
6598 3283
6598 5159
6600 8134
6602 3771
6604 9088
6605 8875
6605 1787
6605 3007
6606 5065
6608 4934
6609 7158
6611 5768
6614 979
6620 8972
6620 7286
6628 5960
6628 8881
6632 6517
6633 9616
6634 985
6639 712
6639 607
6640 9520
6641 4049
6641 6901
6645 7813
6649 6568
6650 2662
6651 333
6654 8284
6657 9311
6658 4704
6659 857
6665 4306
6667 6478
6669 3013
6670 1834
6671 6597
6671 5009
6680 8381
6681 7821
6682 421
6682 4418
6682 2295
6684 5427
6685 8071
6696 6824
6698 7901
6700 3865
6704 1738
6706 6060
6706 8957
6707 7023
6708 3245
6710 4203
6713 4075
6716 2992
6718 4154
6718 7357
6718 8065
6718 9278
6721 3597
6724 6375
6724 1538
6727 1064
6728 9704
6728 7889
6737 4044
6748 5402
6751 6844
6751 1726
6752 3580
6753 5839
6755 6818
6756 6516
6758 8268
6762 1430
6762 4944
6762 4560
6763 1343
6763 7679
6773 2904
6774 9656
6775 3785
6776 9278
6778 4740
6779 8608
6780 4785
6782 2108
6784 8777
6784 5821
6785 6607
6786 5073
6786 891
6795 1894
6796 5929
6800 4442
6805 9543
6806 251
6808 4623
6810 258
6819 4322
6819 916
6821 3754
6821 5421
6824 5081
6824 164
6826 9792
6826 7301
6829 4237
6829 1706
6832 5003
6832 5906
6833 8586
6833 3907
6837 9657
6841 7911
6843 9508
6846 1843
6849 762
6850 4595
6852 2396
6853 9965
6861 928
6862 9537
6862 5206
6864 6510
6866 7381
6868 7212
6869 4247
6873 2132
6873 1285
6873 3215
6874 4872
6876 101
6877 6585
6878 6024
6883 1422
6884 3960
6884 749
6885 3758
6887 6769
6887 7284
6893 2120
6896 4337
6898 727
6901 1583
6903 3774
6903 8431
6904 7683
6904 9044
6906 7040
6907 9120
6912 9531
6913 2994
6918 3394
6922 1952
6923 3902
6923 372
6923 7459
6924 5441
6925 5895
6928 5601
6929 2911
6932 2203
6935 5104
6937 4616
6938 1214
6940 7229
6942 2741
6950 9064
6951 5323
6952 9713
6954 2591
6956 6388
6959 9415
6960 9476
6960 7370
6965 7433
6967 2682
6967 1813
6969 1851
6970 234
6971 2556
6971 4235
6973 4742
6974 1519
6975 2648
6976 8352
6976 4075
6976 7496
6978 8994
6981 9414
6982 7845
6982 3306
6985 7392
6985 1059
6985 7188
6988 9757
6989 6780
6990 675
6993 5114
6995 9832
6995 5833
7005 7898
7007 6801
7009 7543
7016 2672
7016 6325
7018 3259
7022 4432
7025 1493
7026 2271
7026 6327
7027 1714
7027 4406
7031 6167
7033 547
7034 280
7041 2681
7041 6464
7042 4633
7043 5804
7045 7456
7049 2728
7052 2887
7054 9558
7054 9034
7055 8226
7057 4978
7059 8506
7060 1720
7061 2940
7063 8469
7064 2013
7067 6903
7070 4497
7073 6928
7074 7251
7074 8675
7076 6033
7076 7890
7080 4373
7082 3489
7083 1015
7092 3022
7094 3362
7096 5091
7096 1683
7097 9525
7102 1832
7107 6373
7112 4439
7119 3308
7120 2692
7121 1238
7121 2233
7121 4548
7128 1068
7128 4908
7133 195
7135 1447
7136 9654
7139 3355
7142 8875
7145 1400
7145 2508
7145 366
7146 8223
7148 7306
7148 3246
7154 9717
7155 563
7155 554
7157 6772
7158 6587
7161 8513
7162 4293
7163 9648
7165 4190
7167 288
7170 7691
7171 7404
7172 3532
7172 8980
7172 7945
7173 3381
7176 833
7177 8183
7179 3274
7180 2236
7180 9583
7181 7784
7181 576
7182 3964
7185 5194
7189 9164
7190 8406
7198 5980
7203 4286
7204 9053
7206 8371
7207 9208
7209 8264
7210 291
7216 7748
7225 5098
7226 1721
7226 6329
7227 4842
7228 4443
7231 3922
7231 92
7233 5911
7234 6113
7235 1249
7236 1082
7241 2392
7244 5869
7244 1732
7246 6544
7246 2163
7247 4070
7248 5127
7254 6615
7254 4712
7260 4817
7262 1699
7263 4820
7264 8571
7266 4809
7271 2234
7272 7944
7276 5871
7281 6913
7284 5054
7286 3812
7286 8464
7289 9189
7293 8269
7298 4590
7299 8464
7299 4665
7300 1151
7309 9173
7309 4018
7310 2332
7311 2281
7313 5608
7315 3683
7319 6690
7319 8409
7320 5593
7320 3938
7321 6325
7321 6019
7322 9283
7324 7777
7325 708
7326 6751
7330 9875
7333 5985
7335 1107
7337 6908
7338 8193
7342 5932
7343 3353
7344 8490
7347 2741
7348 1533
7349 2145
7349 2707
7351 9775
7354 8484
7356 3738
7356 4362
7356 9950
7358 8518
7359 7395
7364 3222
7365 7228
7368 4561
7368 9779
7369 4330
7372 8151
7373 4896
7378 4681
7380 6673
7381 8249
7383 4227
7385 5794
7387 5040
7388 1761
7389 639
7390 6327
7392 6637
7395 2852
7397 2729
7397 5900
7400 5860
7402 6900
7403 7858
7405 2849
7405 5010
7411 787
7413 3770
7420 6177
7425 1437
7427 6899
7428 8732
7430 704
7434 1320
7435 3024
7439 230
7440 2316
7444 4909
7446 386
7447 1312
7448 5349
7455 5865
7455 972
7457 5419
7466 5925
7466 2762
7467 8665
7469 1398
7471 3380
7472 9944
7474 5998
7475 4993
7475 1293
7482 4447
7491 6542
7493 3606
7496 12
7496 2440
7499 5256
7501 2914
7503 4704
7504 1561
7505 3120
7507 8982
7508 571
7510 5978
7512 2080
7512 9467
7513 7451
7516 3407
7516 7048
7520 4049
7523 8543
7524 2303
7524 1934
7525 4451
7527 3076
7527 1433
7531 7211
7533 6694
7534 333
7534 4896
7536 3175
7537 1039
7538 6590
7541 1894
7544 2142
7546 5994
7547 4953
7549 4141
7549 27
7549 1227
7550 9791
7550 4036
7551 2750
7554 6967
7561 8042
7561 358
7562 7403
7565 9248
7566 7092
7567 6214
7567 8244
7571 6874
7571 3261
7572 2952
7574 8476
7574 6946
7575 5098
7575 998
7584 4792
7585 6785
7586 9714
7586 3426
7589 6395
7590 8594
7590 7210
7592 3317
7593 2233
7594 3603
7597 7937
7597 5736
7602 2790
7602 424
7604 9341
7605 1066
7607 9678
7610 2731
7616 5200
7617 5488
7621 8766
7621 1309
7623 5074
7623 2986
7624 1
7626 8510
7632 8648
7632 8795
7633 4046
7636 5521
7637 712
7640 6221
7641 4089
7643 4381
7646 6270
7646 8580
7648 96
7649 7167
7650 1807
7650 344
7651 4163
7654 4996
7655 8816
7656 2123
7656 4092
7659 8201
7659 8870
7661 532
7668 5177
7668 1565
7669 9545
7671 9258
7671 1968
7672 95
7672 5667
7675 7013
7676 8403
7676 8642
7679 797
7681 3541
7681 7661
7682 4175
7686 5517
7691 1619
7694 7753
7695 4901
7697 876
7699 2684
7699 3275
7703 6420
7703 6820
7704 4372
7705 7553
7708 7228
7710 423
7710 9742
7711 7107
7713 3284
7715 5178
7716 5104
7717 6845
7727 8477
7727 1932
7729 5359
7729 1556
7730 7912
7731 9182
7735 1402
7744 9184
7744 2584
7744 4177
7746 8952
7746 1122
7746 296
7748 8518
7748 6713
7748 7534
7760 6995
7762 5769
7763 459
7764 361
7766 8035
7769 4172
7772 861
7777 9974
7780 1511
7782 4817
7786 1530
7786 8257
7789 9322
7792 2465
7793 8193
7795 5760
7798 9292
7801 9715
7807 3713
7812 2618
7814 5870
7815 8425
7817 5657
7818 1886
7821 7750
7821 9732
7822 8633
7824 6066
7829 8243
7833 6579
7833 1112
7835 6982
7839 6754
7841 9226
7842 5690
7843 8559
7843 2257
7844 5175
7852 9029
7861 6564
7861 6587
7862 3241
7867 7496
7867 8670
7868 8964
7873 761
7880 2590
7881 1424
7882 2114
7885 5186
7886 1738
7887 4119
7887 1736
7888 6472
7889 7632
7890 8886
7890 2024
7893 5943
7894 4171
7897 2668
7901 9405
7903 8110
7906 2514
7908 766
7908 9507
7909 8102
7910 3345
7915 3721
7919 8351
7920 7355
7925 1298
7927 2603
7927 5865
7937 4899
7938 3762
7946 9182
7947 6133
7948 8561
7948 5984
7951 8473
7953 4046
7954 5014
7954 230
7956 4289
7960 1009
7963 2497
7963 2667
7963 1390
7965 3116
7975 8849
7976 5890
7981 7566
7981 9329
7984 6671
7984 1280
7985 4962
7986 9570
7987 2707
7988 936
7989 1405
7992 1332
7996 4530
7998 9819
7999 7942
8001 3511
8003 9157
8005 276
8006 2246
8006 8098
8007 8046
8008 1080
8008 9094
8008 8565
8010 1585
8010 1193
8011 9676
8019 3080
8020 7788
8029 9983
8030 519
8032 1634
8034 9469
8035 4497
8035 1178
8039 5158
8039 3146
8040 8040
8046 6354
8051 3342
8053 4878
8053 1347
8054 9368
8054 1835
8056 3396
8057 2785
8057 8872
8059 5740
8063 7473
8064 4965
8064 3704
8066 8340
8070 7461
8073 485
8074 5994
8077 3030
8080 354
8082 5221
8086 5794
8086 4674
8094 870
8097 6063
8098 5671
8098 7959
8099 8208
8100 1390
8100 3367
8101 1824
8105 5392
8109 5653
8111 8412
8112 8043
8118 8436
8122 5177
8122 4708
8124 1573
8125 8180
8129 4823
8129 7466
8130 7389
8131 2629
8134 5823
8134 9671
8135 1618
8138 6699
8139 1055
8148 651
8153 6839
8154 6532
8157 814
8160 7891
8170 652
8177 723
8178 3965
8182 5056
8182 6595
8184 6036
8185 9613
8185 2672
8190 6704
8190 4533
8190 5520
8193 7593
8193 3422
8194 5407
8196 1987
8196 3608
8197 7137
8197 6818
8203 5965
8203 5572
8203 7113
8205 7870
8207 2291
8209 4018
8209 2438
8210 3824
8212 5741
8215 9223
8217 9300
8219 8271
8221 3829
8228 1015
8230 5487
8232 634
8232 182
8232 549
8241 5825
8241 1674
8245 7495
8247 7388
8247 7048
8249 7121
8249 4778
8253 3996
8254 3258
8254 7143
8254 654
8254 2875
8255 5011
8256 6712
8256 9270
8257 4413
8262 9953
8265 4270
8267 2802
8267 7476
8267 6495
8271 6927
8271 6331
8272 3095
8280 4300
8282 588
8282 4287
8284 6165
8286 3339
8287 4566
8289 986
8291 1504
8295 4166
8296 9145
8301 1369
8302 8294
8303 7604
8308 6185
8310 5157
8311 3409
8311 7282
8311 4534
8315 7144
8321 8182
8322 8665
8324 6306
8326 4898
8326 9851
8329 3249
8331 9182
8337 3517
8342 5596
8343 2365
8345 1358
8345 2733
8345 3668
8348 3107
8348 9210
8350 3996
8354 165
8355 8851
8356 2087
8359 6083
8359 2355
8367 269
8368 6225
8369 2868
8369 2480
8372 4258
8374 3397
8374 7356
8375 3969
8376 7834
8381 9460
8381 6637
8382 3425
8382 7219
8384 331
8387 868
8388 8377
8389 3744
8390 5446
8392 7844
8392 8533
8398 3402
8399 462
8401 6350
8406 1873
8408 8009
8408 1597
8408 5142
8408 2080
8410 7110
8410 4611
8414 1136
8414 3757
8415 1980
8416 3015
8419 2817
8421 6564
8424 6418
8431 6852
8434 3965
8435 1274
8435 5086
8437 3557
8439 1486
8441 8169
8441 9072
8445 1238
8446 4008
8449 8907
8451 9911
8452 7276
8453 389
8455 6696
8457 7943
8457 9112
8458 7838
8458 1057
8460 2706
8461 7010
8462 4755
8468 2750
8469 3822
8470 9212
8472 8044
8472 1303
8474 1749
8475 6092
8478 26
8482 2969
8483 6084
8485 6341
8486 6906
8488 1519
8489 6802
8493 3631
8496 1790
8496 2790
8497 8262
8502 6782
8504 8643
8510 2427
8510 1872
8511 9707
8512 9498
8514 4874
8515 3437
8521 668
8523 9881
8525 8194
8529 7642
8533 9078
8534 7456
8537 4373
8540 4958
8542 5628
8543 3146
8544 4184
8546 2604
8548 7895
8552 5171
8553 8262
8555 3212
8556 6083
8559 155
8559 4661
8567 1270
8570 9835
8571 1473
8573 1812
8578 1187
8582 680
8586 9558
8588 6109
8590 1466
8592 16
8593 850
8600 2129
8601 4509
8601 4522
8602 6749
8602 2847
8604 6528
8606 5703
8609 5844
8609 974
8610 1270
8610 3348
8610 726
8610 5827
8611 2198
8614 3898
8617 3457
8623 7917
8624 7124
8626 2319
8627 7314
8628 3132
8628 4437
8629 6136
8630 1183
8631 813
8631 8569
8631 2477
8632 5172
8634 6522
8634 6194
8635 4007
8637 6020
8638 5940
8639 9046
8641 2523
8643 2805
8644 506
8644 1448
8645 6310
8645 1115
8645 5998
8648 7366
8656 6786
8664 8006
8666 4212
8666 7912
8667 3603
8671 4807
8671 8706
8673 7083
8677 6609
8679 7242
8684 5651
8686 9579
8687 8964
8687 1847
8688 2740
8690 5919
8691 2188
8693 174
8693 2244
8694 7278
8696 547
8697 2117
8699 4896
8700 16
8701 3694
8701 6654
8703 2996
8704 8596
8705 3950
8706 2484
8713 398
8714 3345
8718 7715
8719 3954
8720 7260
8721 2451
8725 882
8726 8838
8733 2646
8734 5188
8734 6186
8735 4824
8737 1800
8742 5387
8743 3650
8747 820
8748 4157
8749 6628
8751 9036
8752 7938
8754 4488
8754 9251
8757 9456
8760 8215
8762 6213
8764 2884
8767 128
8773 498
8773 1225
8773 6209
8775 6050
8777 3912
8784 4288
8785 8816
8787 3562
8788 7421
8788 695
8788 3243
8790 4504
8793 3459
8793 5349
8795 6022
8799 4142
8801 492
8802 7988
8803 4942
8805 6170
8805 685
8807 1134
8808 621
8809 3702
8812 5076
8814 3597
8816 1169
8819 9831
8822 7114
8822 7721
8824 3908
8825 7769
8830 4096
8833 7300
8834 2674
8838 6846
8842 8276
8844 4450
8845 8784
8846 5034
8848 2827
8849 7521
8864 4010
8865 3558
8866 1686
8867 2025
8870 7411
8870 6016
8874 150
8880 7319
8882 8281
8883 2804
8883 2155
8884 7723
8884 1062
8886 72
8887 3375
8888 3904
8892 9168
8892 2912
8893 4567
8895 3433
8895 8447
8901 4965
8905 7858
8908 1212
8909 8699
8911 4702
8911 8887
8911 3505
8912 2794
8914 8230
8916 9645
8920 2917
8924 5268
8924 4617
8926 202
8930 7264
8931 1430
8932 4794
8934 6106
8936 5038
8937 5157
8937 5291
8939 6361
8939 3490
8939 8937
8942 9504
8942 6408
8947 7842
8947 8581
8948 362
8948 76
8951 1515
8952 7228
8955 1195
8957 9009
8959 6610
8959 9849
8959 8714
8959 2728
8960 4774
8962 8148
8968 2134
8968 1404
8972 8340
8974 61
8974 9473
8975 471
8984 8604
8988 1883
8989 6112
8991 4600
8991 8295
8993 7286
8994 2737
8995 3231
8995 8480
8997 780
8999 6655
9007 9099
9007 7281
9012 2616
9012 7290
9015 5583
9015 520
9018 3783
9018 6132
9019 360
9025 5850
9025 9740
9029 1259
9030 9645
9031 5933
9031 2680
9036 2363
9037 80
9039 9083
9040 4600
9041 1982
9041 5730
9041 5982
9046 9457
9046 6515
9048 1527
9050 578
9052 5466
9054 2178
9057 6698
9064 5334
9064 7099
9067 2149
9068 8180
9072 3370
9074 8095
9075 4110
9079 2234
9080 7860
9087 7603
9092 6942
9093 9618
9094 6401
9096 7220
9098 8818
9100 5831
9101 9629
9102 1710
9105 1041
9106 8073
9107 943
9109 2450
9112 8048
9113 9807
9114 8095
9114 4698
9116 3312
9120 872
9121 4487
9122 7553
9123 5394
9124 7137
9124 5775
9125 8541
9126 6462
9133 5484
9135 811
9139 6969
9139 7221
9140 6635
9141 5520
9147 1204
9148 6885
9148 8182
9149 1583
9150 1815
9150 2012
9152 9348
9153 3688
9155 568
9157 7800
9157 4643
9158 5560
9163 4402
9168 8117
9169 4540
9171 5710
9172 960
9179 459
9186 113
9189 5039
9189 4395
9191 9904
9195 9537
9195 5696
9195 5950
9199 19
9202 1619
9203 5463
9205 9345
9205 6280
9207 8185
9209 2855
9209 8256
9211 991
9212 9968
9215 8871
9216 6395
9217 6709
9218 1617
9219 8262
9220 4692
9225 2697
9226 5449
9226 2533
9227 1599
9230 5993
9231 5380
9235 5555
9235 9998
9236 1782
9238 3018
9239 1928
9240 2656
9241 6698
9242 9463
9243 6883
9249 4915
9257 2794
9260 8159
9260 5167
9264 7027
9268 8276
9269 188
9270 5343
9270 6968
9271 9966
9274 2975
9275 1942
9276 985
9277 6798
9280 1249
9282 1199
9283 5944
9283 4534
9286 7992
9289 6392
9289 2532
9291 8470
9295 731
9295 4870
9296 3666
9298 7460
9300 7233
9303 4393
9304 1829
9309 3956
9309 5092
9312 1983
9315 829
9316 9854
9320 5914
9327 6745
9328 6007
9335 2495
9340 4874
9343 3395
9344 5256
9344 888
9346 1092
9347 3738
9350 8281
9351 6330
9354 3775
9357 9122
9359 3082
9372 8834
9373 6112
9373 3465
9374 5453
9374 6
9375 3582
9375 2247
9377 1115
9377 6778
9379 2567
9380 1992
9384 8748
9384 3903
9388 9499
9395 7727
9395 6432
9395 4742
9396 9065
9397 3920
9398 4520
9401 8194
9402 3019
9402 8847
9406 7834
9416 8580
9419 4079
9421 9429
9423 4670
9423 9945
9424 9588
9425 4509
9429 3413
9429 7724
9429 4068
9429 4048
9431 1779
9432 8779
9433 3481
9440 2078
9442 6245
9442 2879
9446 2600
9450 1211
9452 6334
9454 6743
9456 6727
9459 6643
9460 7234
9462 6720
9462 5399
9464 8065
9464 1670
9468 1004
9471 8225
9472 6638
9473 5823
9473 8748
9475 5268
9476 3160
9476 9733
9478 5227
9479 8601
9480 6488
9484 1177
9486 8109
9489 8153
9490 6575
9495 3905
9498 8616
9501 1111
9501 7979
9507 7144
9509 1327
9510 134
9512 7813
9513 2699
9514 5147
9515 2279
9516 1037
9519 9385
9521 39
9521 3335
9521 7741
9526 3782
9532 5781
9536 6840
9537 4927
9539 533
9539 6691
9541 6040
9541 5262
9542 3484
9546 2089
9561 4948
9562 3118
9562 9967
9567 7383
9571 2272
9577 5867
9578 9037
9582 9786
9584 5680
9586 8780
9587 2548
9596 2624
9600 4429
9605 2757
9609 1152
9612 4160
9614 4983
9615 9680
9616 2510
9621 820
9623 4392
9627 2070
9628 7583
9629 3793
9629 2903
9630 8409
9631 9984
9633 21
9635 8464
9636 3979
9637 643
9639 6013
9641 823
9642 6044
9643 5626
9644 1003
9644 6062
9645 5340
9650 8207
9650 4502
9653 5289
9653 6745
9656 2811
9656 2963
9658 7249
9660 7079
9662 5696
9664 3829
9664 4400
9664 9005
9665 1734
9665 9265
9666 2871
9666 221
9668 1090
9674 1432
9676 7691
9679 2973
9682 6167
9682 7211
9683 794
9685 6238
9686 4611
9689 1992
9692 1781
9694 1066
9696 6227
9700 2749
9701 1935
9704 7641
9704 9220
9708 1040
9711 4323
9714 8120
9715 6538
9715 1617
9715 136
9718 4380
9721 5686
9724 5353
9727 9413
9728 8775
9728 2615
9728 3480
9728 2773
9729 1543
9732 479
9738 2270
9742 2658
9743 9653
9744 8283
9744 1171
9745 5344
9746 3157
9747 7493
9748 2809
9748 5757
9750 7171
9753 2622
9755 4427
9757 9968
9760 8485
9760 3135
9761 4233
9763 6986
9767 5810
9768 379
9769 788
9773 8829
9777 3838
9777 5408
9778 679
9780 1389
9780 3787
9787 9688
9788 6396
9789 6221
9791 3300
9793 259
9795 5117
9797 2064
9800 7445
9805 8734
9808 7758
9809 8640
9810 2448
9816 2471
9817 280
9817 9738
9818 2730
9819 2484
9826 4617
9828 9272
9828 4775
9828 6073
9829 3790
9829 8677
9833 8690
9833 3799
9834 7894
9838 5493
9842 2742
9843 9889
9843 7747
9845 7672
9852 8683
9852 4537
9855 8907
9857 6091
9860 1279
9861 1957
9864 8953
9866 3363
9866 8564
9870 195
9872 7633
9873 7594
9874 6379
9874 7948
9874 1947
9876 4618
9892 7151
9894 8606
9894 1550
9896 3712
9896 4271
9897 521
9900 7917
9903 7002
9905 762
9909 8733
9910 4914
9913 1034
9914 6241
9916 5733
9916 9896
9920 3277
9925 6231
9926 2750
9928 1248
9929 410
9934 6086
9934 6097
9936 9771
9937 270
9944 829
9945 3025
9945 7561
9953 3762
9953 506
9955 6567
9958 4765
9960 6956
9961 7234
9970 6103
9970 7629
9974 7091
9974 2340
9976 2033
9977 490
9978 2529
9979 7297
9984 4333
9986 4642
9987 7157
9988 5300
9988 6712
9990 7286
9992 4798
9993 1435
9994 6415
9995 7391
9997 8138
9997 7287
9999 3041
9999 9363
9999 6438
